 1.79111671242156e-004    2.14217558805618e+000
 7.56909639790146e-002    5.26392918901492e+000
 1.51162109088778e-001    7.89882470177907e+000
 2.05876653933455e-001    1.22847810441233e+001
 2.35312028814183e-001    1.43318646176291e+001
 3.57038763022233e-001    2.01836057459024e+001
 4.20350668086534e-001    2.73939903149435e+001
 4.92015690182401e-001    3.45076545815137e+001
 5.88731921933364e-001    4.12337863230328e+001
 6.85440012244725e-001    4.78625464469129e+001
 7.82148102556086e-001    5.44913065707931e+001
 8.78856192867448e-001    6.11200666946732e+001
 9.67219307586845e-001    6.79429187386630e+001
 1.05557428086664e+000    7.46683991650140e+001
 1.15228237117800e+000    8.12971592888941e+001
 1.24899046148936e+000    8.79259194127742e+001
 1.34152606400474e+000    9.46517254967092e+001
 1.43406166652012e+000    1.01377531580644e+002
 1.52658912759590e+000    1.08005966046940e+002
 1.61493595943609e+000    1.14634074855652e+002
 1.70329093271589e+000    1.21359555282003e+002
 1.79999902302725e+000    1.27988315405883e+002
 1.89253462554263e+000    1.34714121489818e+002
 1.98507022805801e+000    1.41439927573753e+002
 2.07761397201299e+000    1.48263105275327e+002
 2.17432206232435e+000    1.54891865399207e+002
 2.30024570864719e+000    1.60938675420343e+002
 2.48044426207620e+000    1.66113374431320e+002
 2.71076965913421e+000    1.70805123245113e+002
 2.93690628551703e+000    1.75399174783682e+002
 3.15886228266427e+000    1.79992900664667e+002
 3.39334388463906e+000    1.84392860283127e+002
 3.63617046220581e+000    1.88598727981477e+002
 3.87482455197658e+000    1.92901641639881e+002
 4.10513366615538e+000    1.97398647218396e+002
 4.33960712669057e+000    2.01701235219216e+002
 4.58243370425732e+000    2.05907102917566e+002
 4.82107965258849e+000    2.10112644958332e+002
 5.05972560091966e+000    2.14318186999098e+002
 5.30671652484279e+000    2.18329637119754e+002
 5.54119812681758e+000    2.22729596738214e+002
 5.77984407514874e+000    2.26935138778979e+002
 6.02684314051148e+000    2.31043960517274e+002
 6.27384220587421e+000    2.35152782255570e+002
 6.51666064200136e+000    2.39261278336281e+002
 6.75948721956811e+000    2.43467146034630e+002
 7.00231379713486e+000    2.47673013732980e+002
 7.24931286249760e+000    2.51781835471275e+002
 7.50046813277711e+000    2.55598868014238e+002
 7.75579589085260e+000    2.59318854597145e+002
 8.00695930257172e+000    2.63233258757747e+002
 8.25394208505525e+000    2.67147337260764e+002
 8.50926984313074e+000    2.70867323843671e+002
 8.76877008900222e+000    2.74490264466524e+002
 9.02408970563811e+000    2.78112879431793e+002
 9.27940118083440e+000    2.81638122779422e+002
 9.54307391450186e+000    2.85164017442220e+002
 9.80257416037333e+000    2.88786958065073e+002
 1.00620662648052e+001    2.92312527070287e+002
 1.03299033448290e+001    2.95644004155391e+002
 1.05935679370569e+001    2.99072527200550e+002
 1.08572325292848e+001    3.02501050245709e+002
 1.11167164922770e+001    3.05929247633283e+002
 1.13845535723009e+001    3.09260724718388e+002
 1.16565631401207e+001    3.12495155843437e+002
 1.19285564250613e+001    3.15534843733208e+002
 1.22005578514415e+001    3.18671903240619e+002
 1.24725592778217e+001    3.21808962748029e+002
 1.27403800749664e+001    3.24945696597855e+002
 1.30123815013466e+001    3.28082756105266e+002
 1.32843747862872e+001    3.31122443995037e+002
 1.35521955834318e+001    3.34259177844863e+002
 1.38241970098121e+001    3.37396237352274e+002
 1.41003627825487e+001    3.40338879281990e+002
 1.43765122724061e+001    3.43086777976429e+002
 1.46526699037031e+001    3.45932048288507e+002
 1.49246631886437e+001    3.48971736178278e+002
 1.52008371028199e+001    3.52011749725633e+002
 1.54769947341169e+001    3.54857020037711e+002
 1.57531442239743e+001    3.57604918732150e+002
 1.60293018552713e+001    3.60450189044228e+002
 1.63012869987723e+001    3.63392505316360e+002
 1.65816252593049e+001    3.66238101286022e+002
 1.68744565589066e+001    3.68500444522602e+002
