 7.32729564172455e-005    8.76344558750256e-001
 1.13536445968522e-001    7.89589378352238e+000
 2.22696868151014e-001    1.34545430861267e+001
 3.44415460919462e-001    1.92089125967610e+001
 4.11916136658949e-001    2.65169944410250e+001
 4.91934275786382e-001    3.35339384051245e+001
 5.84469878301761e-001    4.02597444890595e+001
 6.72824851581556e-001    4.69852249154104e+001
 7.65360454096935e-001    5.37110309993454e+001
 8.66241032204279e-001    6.02427451631707e+001
 9.58768493280056e-001    6.68711796294668e+001
 1.04712346655985e+000    7.35966600558177e+001
 1.13965906907523e+000    8.03224661397527e+001
 1.23219467159061e+000    8.70482722236877e+001
 1.32473027410599e+000    9.37740783076227e+001
 1.42143836441735e+000    1.00402838431503e+002
 1.51814645472871e+000    1.07031598555383e+002
 1.61068205724409e+000    1.13757404639318e+002
 1.69903703052389e+000    1.20482885065669e+002
 1.78738386236408e+000    1.27110993874381e+002
 1.87573883564387e+000    1.33836474300732e+002
 1.96826629671965e+000    1.40464908767028e+002
 2.06497438703101e+000    1.47093668890908e+002
 2.16168247734237e+000    1.53722429014788e+002
 2.25420993841815e+000    1.60350863481084e+002
 2.33838428246236e+000    1.67076018249851e+002
 2.42673925574216e+000    1.73801498676202e+002
 2.51509422902195e+000    1.80526979102553e+002
 2.60345734374135e+000    1.87349831146543e+002
 2.69180417558154e+000    1.93977939955255e+002
 2.78433163665732e+000    2.00606374421551e+002
 2.87268660993712e+000    2.07331854847902e+002
 2.96522221245250e+000    2.14057660931837e+002
 3.05775781496787e+000    2.20783467015772e+002
 3.15028527604365e+000    2.27411901482068e+002
 3.25951897118256e+000    2.33846895343422e+002
 3.40632948080411e+000    2.39700590417200e+002
 3.61159552676742e+000    2.44682500138404e+002
 3.83774029458985e+000    2.49373923294613e+002
 4.05554008682031e+000    2.54259438370931e+002
 4.26498676201921e+000    2.59241673749719e+002
 4.48278655424967e+000    2.64127188826037e+002
 4.70475069283651e+000    2.68818286324661e+002
 4.93506794845492e+000    2.73412663520814e+002
 5.16120457483774e+000    2.78006715059384e+002
 5.38316871342458e+000    2.82697812558008e+002
 5.61348596904299e+000    2.87292189754161e+002
 5.84797571245738e+000    2.91789520990260e+002
 6.08245731443217e+000    2.96189480608719e+002
 6.31693891640695e+000    3.00589440227179e+002
 6.54724803058576e+000    3.05086445805693e+002
 6.78590212035653e+000    3.09389359464098e+002
 7.03289304427966e+000    3.13400809584754e+002
 7.28406459743838e+000    3.17412585362994e+002
 7.52688303356553e+000    3.21521081443705e+002
 7.76134835266111e+000    3.25726297826887e+002
 8.00416678878826e+000    3.29834793907598e+002
 8.25533834194698e+000    3.33846569685838e+002
 8.50233740730971e+000    3.37955391424133e+002
 8.75350896046842e+000    3.41967167202373e+002
 9.00049174295196e+000    3.45881245705391e+002
 9.25581950102745e+000    3.49601232288298e+002
 9.51532788833853e+000    3.53321544528790e+002
 9.77481999277040e+000    3.56847113534004e+002
 1.00384927264379e+001    3.60373008196801e+002
 1.02979848308697e+001    3.63898577202015e+002
 1.05616494230976e+001    3.67327100247174e+002
 1.08253140153254e+001    3.70755623292333e+002
 1.10847979783177e+001    3.74183820679908e+002
 1.13442819413100e+001    3.77612018067483e+002
 1.16079383920982e+001    3.80943169495003e+002
 1.18715948428865e+001    3.84274320922523e+002
 1.21352594351144e+001    3.87702843967682e+002
 1.24072690029342e+001    3.90937275092731e+002
 1.26792704293144e+001    3.94074334600141e+002
 1.29512555728154e+001    3.97016650872274e+002
 1.32274050626728e+001    3.99764549566713e+002
 1.35118995281222e+001    4.02318356341042e+002
 1.37922133643359e+001    4.04871837457787e+002
 1.40641985078370e+001    4.07814153729919e+002
 1.43486766904071e+001    4.10173217268970e+002
 1.46289742437417e+001    4.12531955150438e+002
 1.49092880799555e+001    4.15085436267183e+002
 1.51979550332008e+001    4.17542197081457e+002
 1.54824332157709e+001    4.19901260620508e+002
 1.57669032569015e+001    4.22162952541920e+002
 1.60513732980321e+001    4.24424644463333e+002
 1.63400239683982e+001    4.26686662042329e+002
 1.66286664973247e+001    4.28851308003686e+002
 1.69131202555761e+001    4.30918256689821e+002
 1.71975902967066e+001    4.33179948611233e+002
 1.74862328256332e+001    4.35344594572591e+002
 1.77790315594765e+001    4.37217451338616e+002
 1.80718221518802e+001    4.38992936487001e+002
 1.83604483979275e+001    4.40962839213081e+002
 1.86448940147393e+001    4.42932416281577e+002
 1.89335039779074e+001    4.44707575772378e+002
 1.92304589166675e+001    4.46288643343070e+002
 1.95232332261920e+001    4.47869385256179e+002
 1.98160075357165e+001    4.49450127169287e+002
 2.01129543330370e+001    4.50933823122340e+002
 2.04098767060387e+001    4.52125404222476e+002
 2.07068072204800e+001    4.53414356940252e+002
 2.09995571056857e+001    4.54702984000443e+002
 2.12964794786873e+001    4.55894565100579e+002
 2.16018038173582e+001    4.57573655604079e+002
 2.19113169267042e+001    4.59350443382801e+002
